Using driver default on device /dev/lirc1
 16777215

     3331     1599      461      385      459      360
      484     1203      462      384      464     1175
      486      384      461      384      461      359
      485     1180      485     1202      461      384
      460      384      461      384      461     1204
      460     1205      460      384      461      383
      460      385      460      361      484      383
      461      384      460      360      485      385
      463      384      460      384      461      385
      460      383      463      382      461     1179
      485      361      484      384      460      384
      460      384      460      385      462      388
      454      384      461     1179      484      384
      461      384      460      362      483      384
      461     1204      461      360      485      384
      460      385      460      384      461      385
      460      362      482   126183-pulse  3536207-space

  3508035-space

     3359     1599      462      384      461      383
      462     1178      486      385      460     1203
      461      384      461      359      485      384
      460     1203      461     1179      485      384
      461      384      461      383      461     1203
      461     1202      462      360      485      361
      484      384      460      384      461      383
      461      357      488      384      460      383
      462      383      461      384      460      383
      461      384      461      383      461     1181
      483      384      460      384      461      383
      461      384      461      382      463      384
      460      360      485     1203      461      384
      460      384      460      384      461      383
      461      384      461     1205      460     1203
      462     1203      461     1180      484     1203
      470     1170      485      384      461      383
      462      383      461     1203      462      361
      482      384      461      384      462      383
      460      384      461      383      461      384
      461      361      485     1178      486     1176
      488      384      460      362      483     1203
      462      383      462      384      461      383
      463     1200      463     1204      461     1203
      460      360      485     1203      461      383
      461      361      485      384      461      360
      485      384      460      395      449      361
      483      385      461      383      461      384
      460      385      460      384      460      384
      461      383      461      384      461      384
      460      384      460      375      470      384
      461      384      460      385      460      360
      485      384      460      362      483      384
      460      384      462      360      484      383
      462      383      461      384      460      370
      475      384      461      384      461      383
      461      359      485      386      459      384
      460      384      461      384      461      385
      460     1204      460     1205      460     1204
      460     1204      460      384      461     1204
      461      384      460   129062-pulse  3969071-space

  3947891-space

     3360     1598      462      359      485      360
      485     1203      461      384      461     1203
      462      384      461      359      486      382
      461     1203      461     1203      461      384
      460      384      464      358      483     1204
      462     1203      461      384      460      383
      461      384      461      383      461      358
      487      383      461      383      461      383
      461      384      461      384      461      383
      462      383      461      360      484     1183
      481      385      460      384      461      359
      486      384      461      383      461      384
      460      387      458     1204      461      383
      461      360      485      384      461      384
      460     1180      485      386      458      384
      460      361      484      384      463      381
      461      384      460   127756-pulse  4557758-space

   238501-space

     3349     1575      485      384      461      384
      461     1203      461      362      482     1180
      485      385      461      383      461      384
      459     1180      485     1203      461      385
      460      361      483      385      460     1204
      460     1205      459      385      459      385
      462      358      486      361      482      384
      460      385      460      384      469      376
      461      361      484      385      460      361
      483      384      461      383      461     1203
      460      361      484      360      485      384
      461      384      462      383      460      384
      460      361      483     1181      484      385
      461      361      483      383      459      387
      460      362      483     1180      485     1180
      484     1204      461     1204      460     1180
      486     1177      487      361      484      384
      461      384      460     1178      486      384
      461      397      447      384      460      362
      484      384      470      375      460      384
      460      385      460     1180      484     1204
      460      388      457      384      460     1204
      461      383      462      359      484      385
      460     1203      462     1203      460     1204
      462      361      484     1180      485      384
      460      385      459      361      483      361
      484      384      462      360      484      383
      461      384      461      384      460      384
      460      385      460      384      462      384
      461      384      460      386      459      385
      460      384      461      383      463      382
      461      384      460      358      487      384
      460      385      460      361      484      384
      461      385      460      384      461      386
      458      360      485      384      460      361
      486      382      461      384      461      360
      484      385      461      383      461      384
      459      360      485      384      460      385
      460     1203      461     1203      460     1204
      461     1204      461      384      463     1200
      462      360      487   125208-pulse  4655211-space

   338658-space

     3356     1599      461      383      461      384
      461     1179      485      360      485     1180
      485      385      459      384      460      368
      477     1203      460     1203      462      384
      460      384      460      384      460     1179
      493     1197      459      385      460      362
      483      384      461      383      461      384
      461      383      461      360      485      397
      448      384      461      383      462      383
      468      376      461      384      461     1203
      461      383      462      383      461      383
      462      383      461      360      484      383
      461      385      460     1204      461      383
      461      384      461      384      460      395
      450     1203      460      385      461      359
      485      384      461      384      462      382
      461      384      460   128173-pulse  3808208-space

  3784525-space

     3356     1600      461      384      459      386
      460     1203      462      362      483     1180
      484      359      486      361      483      384
      461     1203      462     1203      460      384
      461      383      461      384      460     1204
      461     1180      484      384      463      388
      453      384      461      383      461      385
      470      374      461      385      460      360
      484      384      461      384      460      383
      461      384      461      383      461     1204
      461      384      461      384      464      380
      461      384      460      384      461      362
      483      384      461     1181      484      364
      480      386      460      383      461      384
      461      385      460     1202      461     1180
      484     1180      485     1204      461     1216
      447     1202      464      357      486      384
      461      384      461     1203      461      384
      462      383      461      360      496      372
      461      384      461      383      461      383
      462      383      462     1180      484     1203
      461      384      461      384      461     1179
      484      384      461      384      460      383
      460     1204      461     1204      460     1204
      461      359      485     1181      484      383
      461      384      462      360      487      381
      461      384      461      383      461      383
      461      360      485      361      484      383
      465      355      486      384      461      387
      458      384      461      383      461      387
      461      380      461      359      486      384
      461      383      461      384      461      383
      461      361      483      361      484      383
      461      387      457      384      460      384
      461      384      460      384      461      384
      461      383      460      384      462      382
      462      383      461      384      461      383
      461      383      461      384      461      384
      461     1204      461     1202      463     1201
      462     1178      486      359      486     1178
      485      384      460   134562-pulse