Using driver default on device /dev/lirc1
 16777215

     3364     1593      468      376      469      376
      468     1196      467      377      468     1198
      466      376      469      375      469      375
      468     1196      468     1196      469      376
      468      377      468      375      469     1195
      469     1196      468      377      468      376
      468      376      468      384      462      375
      469      376      469      351      493      377
      468      377      468      377      467      377
      469      375      469      376      467     1197
      468      383      461      377      468      376
      468      376      472      372      469      376
      468      376      468     1196      468      376
      468      376      469      376      471     1194
      467      375      469      376      468     1172
      492     1197      468     1196      469      376
      468      353      491    20230-pulse  2900262-space

  2871430-space

     3364     1592      469      376      467      378
      468     1174      490      377      475     1189
      468      377      467      377      468      376
      468     1174      489     1173      492      376
      470      376      471      374      469     1196
      468     1196      468      376      471      374
      468      377      468      376      469      377
      468      376      469      376      504      341
      468      377      468      376      468      377
      467      377      467      377      467     1197
      468      376      468      377      467      378
      467      377      468      376      468      377
      468      377      468     1173      490      378
      467      376      468      376      468     1197
      467      377      468      377      469     1198
      466      376      469      376      468      376
      468      377      468    14563-pulse  2544545-space

  2519417-space

     3362     1571      489      356      487      381
      464     1200      464      382      463     1200
      464      380      464      381      465      380
      464     1200      465     1176      488      358
      486      360      485      381      464     1200
      464     1200      464      357      488      381
      464      381      466      380      463      381
      463      380      464      381      464      380
      464      409      436      381      464      356
      489      379      464      381      463     1182
      483      382      463      382      463      381
      464      381      464      380      464      382
      463      381      463     1177      487      382
      463      381      465      380      463      381
      464      380      464     1201      464     1200
      464     1201      463     1202      462     1201
      463     1201      464      381      463      359
      485      381      464     1200      466      382
      461      380      463      382      464      381
      464      382      463      380      464      381
      463      382      463     1202      463     1201
      463      357      488      382      463      381
      464      380      468      377      464      381
      463     1208      456      358      487      382
      463     1201      464     1201      463     1201
      464      381      472      372      464      381
      463      381      463      381      464      381
      463     1201      464     1200      463      381
      463      381      464      382      463      381
      464     1201      463      381      464      382
      463      381      463      381      475      371
      462      382      462      382      462      382
      463      381      464      380      464      381
      463      382      462      360      485      382
      463      381      464      381      463      382
      461      383      463      381      464      386
      459      382      463      357      487      380
      465      357      488      382      463      381
      463     1177      488      380      464     1200
      464     1178      487     1200      464     1200
      464     1175      489    13604-pulse