Using driver default on device /dev/lirc1
 16777215

     3361     1595      464      382      465      379
      464     1200      466      379      466     1199
      466      378      466      380      465      379
      465     1199      466     1199      465      380
      464      379      466      379      466     1199
      465     1199      465      379      466      379
      466      379      465      380      467      377
      465      380      464      379      466      379
      468      377      466      379      465      379
      466      380      465      380      464     1175
      489      379      465      377      468      380
      464      380      464      379      466      355
      489      379      466     1199      465      355
      489      380      465      380      465      381
      464      381      462     1199      466     1199
      466      379      465     1176      488     1174
      491      379      466    20261-pulse  2620267-space

  2593075-space

     3367     1595      466      379      466      380
      466     1175      490      379      465     1199
      465      379      465      379      466      379
      466     1172      492     1199      466      378
      466      352      492      379      466     1175
      490     1199      466      379      466      379
      465      379      465      379      465      379
      468      378      465      379      463      381
      466      378      466      380      465      356
      488      383      462      379      466     1178
      487      379      465      380      465      379
      465      380      464      380      465      379
      467      379      466     1199      465      380
      465      379      465      380      465      378
      467      379      466     1174      489     1175
      489      380      465     1199      465     1177
      488      379      466    21306-pulse  2131309-space

  2106062-space

     3367     1595      466      380      465      379
      465     1199      467      354      498     1167
      488      380      465      356      488      379
      466     1198      466     1199      465      354
      490      379      466      379      465     1199
      465     1199      465      379      465      379
      465      379      467      355      489      380
      464      382      462      379      466      380
      469      354      486      379      465      379
      465      379      465      380      465     1203
      462      356      488      380      465      379
      466      379      465      380      465      379
      466      379      465     1200      464      379
      466      378      465      382      464      379
      465      380      465     1174      490     1174
      491      380      464     1176      489     1199
      465      380      464    19365-pulse  2319370-space

  2297456-space

     3367     1573      488      379      465      379
      465     1199      464      381      465     1199
      468      377      464      380      465      380
      465     1198      467     1198      465      379
      465      380      465      355      490     1199
      466     1199      465      386      458      380
      465      380      464      380      463      381
      465      379      465      380      464      381
      465      379      465      380      465      355
      489      379      465      357      488     1199
      465      380      465      380      465      380
      464      358      487      357      488      380
      464      379      465     1174      501      370
      465      380      464      380      464      381
      464      380      464     1199      465     1200
      465      379      465     1199      465     1176
      488      378      467    16030-pulse  2176036-space

  2148009-space

     3368     1595      465      356      489      379
      465     1199      466      380      465     1199
      465      379      466      380      465      379
      465     1199      466     1198      465      380
      464      382      463      380      465     1198
      466     1199      465      379      466      378
      465      379      467      379      465      379
      465      380      467      379      464      380
      464      380      465      379      465      380
      464      356      489      380      464     1199
      466      379      465      379      466      378
      466      379      465      379      465      380
      465      355      490     1199      466      380
      462      385      461      380      464      379
      465      380      468     1197      464     1175
      489      380      465     1199      465     1199
      465      380      465    22140-pulse  1912143-space

  1884403-space

     3368     1595      465      379      466      380
      465     1199      464      380      465     1175
      490      380      465      380      465      380
      465     1199      465     1175      489      380
      466      379      465      380      464     1175
      489     1200      465      379      465      379
      465      381      463      380      465      356
      489      379      467      378      466      379
      465      379      465      380      465      379
      466      379      465      380      464     1175
      490      380      465      379      465      384
      461      379      465      379      465      380
      464      381      465     1199      466      380
      465      357      487      381      464      380
      465      379      466     1202      462     1199
      465      379      466     1201      464     1200
      464      380      464    21858-pulse  1931869-space

  1908906-space

     3367     1596      474      346      489      380
      465     1199      465      380      465     1173
      501      348      487      380      468      378
      464     1176      488     1199      466      378
      465      380      465      379      465     1199
      465     1199      466      380      465      379
      465      380      465      380      465      381
      463      356      489      381      464      380
      466      378      466      379      465      379
      465      381      466      379      465     1199
      466      380      463      381      466      379
      465      380      465      379      466      355
      489      380      465     1199      466      380
      464      379      465      355      489      380
      469      376      465     1199      464     1200
      465      380      465     1199      466     1174
      489      380      465    17070-pulse  1887082-space

  1858315-space

     3368     1595      466      379      466      378
      467     1199      468      377      465     1174
      491      355      489      380      464      380
      465     1199      467     1199      465      379
      466      379      466      379      465     1199
      466     1199      465      355      489      379
      466      379      466      379      465      379
      465      354      494      377      466      381
      463      380      465      379      466      380
      465      381      464      381      463     1200
      464      380      465      379      466      379
      465      355      489      357      489      379
      465      379      464     1199      466      381
      464      379      465      356      489      380
      464      380      465     1177      489     1197
      465      383      462     1199      465     1177
      487      380      465    12876-pulse