Using driver default on device /dev/lirc1
  8087326

     3338     1566      493      383      463      378
      467     1173      491      378      468     1175
      489      378      467      377      468      376
      467     1198      467     1174      491      378
      466      377      468      377      468     1175
      489     1197      468      377      467      378
      467      377      468      377      467      354
      491      377      468      377      468      377
      472      372      468      378      467      352
      492      352      493      377      468     1196
      468      378      469      378      464      378
      467      378      467      377      467      376
      468      377      468     1197      466      377
      469      377      467      377      468      377
      467      377      468     1197      467     1197
      469     1196      467     1197      468     1171
      493     1199      465      377      468      379
      465      376      468     1171      492      355
      490      378      467      377      467      377
      468      377      467      377      479      365
      467      378      471     1192      468     1173
      492      377      467      378      467      378
      467      378      467      377      468      354
      489      354      490      378      468     1196
      468      376      468     1197      467      378
      467      378      467      377      467      353
      492      376      469      377      467      353
      493      377      467      377      467      378
      468      376      468      377      475      370
      467      351      493      378      467      377
      467      377      467      377      468      377
      467      378      467      351      493      377
      468      377      467      355      489      378
      476      370      466      377      467      378
      468      353      491      378      466      381
      464      377      468      378      467      377
      468      377      468      375      469      350
      494      377      480      367      466     1198
      467     1172      493     1196      468     1196
      468      378      468      377      468      377
      467     1170      494   131817-pulse  3571842-space

  3546328-space

     3336     1593      468      377      467      377
      468     1197      468      377      468     1196
      469      377      467      378      469      375
      468     1171      493     1197      467      377
      468      377      469      375      468     1173
      491     1197      467      378      467      378
      467      378      471      375      467      376
      467      377      468      377      468      376
      468      378      467      377      467      378
      468      378      466      377      469     1195
      468      354      490      378      468      352
      492      377      468      378      467      377
      468      377      468     1173      491      377
      468      377      467      377      468      377
      467      377      468     1197      468     1173
      492     1172      491     1174      490     1171
      498     1168      491      354      491      378
      468      351      493     1197      470      375
      467      378      467      377      467      377
      468      377      467      377      468      378
      467      378      467     1197      468     1197
      468      376      468      377      468      377
      467      378      467      380      465      377
      467     1174      490      378      467     1196
      468      377      468     1196      468      377
      467      378      468      377      468      376
      473      373      467      376      468      377
      467      378      466      378      468      354
      490      353      492      353      490      378
      468      378      466      377      468      377
      467      352      498      348      490      379
      467      377      467      378      467      378
      467      377      468      353      491      377
      468      377      470      375      466      377
      467      378      468      376      479      366
      467      377      468      378      467      355
      490      350      494      377      469      376
      468      377      469      376      468     1196
      468     1196      469     1196      467     1197
      468     1172      491     1175      490     1171
      493      378      468   126424-pulse  3526446-space

  3499126-space

     3338     1567      493      377      468      377
      466     1173      492      377      478     1187
      467      376      469      377      468      377
      468     1196      468     1196      468      377
      467      377      468      376      468     1170
      494     1196      468      353      491      379
      466      377      468      377      468      377
      468      376      469      376      469      376
      468      377      467      353      492      378
      468      377      467      376      469     1172
      491      377      468      377      468      378
      466      377      468      377      468      378
      467      377      467     1197      468      377
      469      376      468      377      468      354
      491      377      468     1171      494     1175
      489     1174      490     1173      491     1195
      470     1197      469      352      491      352
      493      377      468     1196      468      376
      468      378      467      377      471      383
      458      378      467      377      467      377
      467      378      467     1196      468     1196
      468      377      469      377      468      376
      469      376      468      377      467      378
      467      376      470     1171      492     1172
      492      378      467     1171      493      378
      467      378      466      377      468      378
      467      377      468      351      493      350
      496      376      467      377      467      376
      468      377      468      376      468      377
      468      377      468      353      491      379
      467      350      493      377      468      377
      468      377      469      375      468      378
      467      376      469      377      467      352
      492      378      468      377      468      376
      467      378      467      376      469      377
      468      351      494      377      470      374
      467      377      468      377      468      377
      467      377      469      376      468     1180
      484     1172      492     1197      467     1197
      467      377      468     1174      499     1189
      468      354      490   129051-pulse  2849080-space

  2824768-space

     3340     1592      468      353      491      377
      467     1174      490      378      467     1196
      468      353      491      377      468      377
      468     1196      467     1198      467      377
      468      377      467      377      468     1197
      468     1173      491      378      467      377
      475      346      491      378      467      351
      495      378      467      376      469      377
      468      377      467      352      492      378
      467      378      467      377      468     1196
      468      377      468      377      467      355
      490      379      466      354      490      351
      493      351      494     1197      467      354
      491      351      494      352      493      377
      467      378      467     1172      493     1197
      470     1194      468     1197      467     1197
      468     1196      467      351      493      354
      491      353      492     1176      489      354
      490      379      467      354      490      378
      468      376      468      377      468      377
      468      377      469     1169      494     1200
      465      377      467      377      468      377
      468      376      468      351      493      354
      491     1174      490     1198      468     1173
      490      378      468     1197      466      353
      492      377      466      353      493      377
      468      377      468      376      468      377
      468      377      468      377      468      377
      467      377      468      376      468      378
      467      378      467      378      466      377
      469      376      468      378      467      377
      468      377      468      377      467      378
      468      377      468      377      468      377
      468      377      467      354      491      377
      466      377      469      378      467      378
      468      375      468      378      467      378
      467      377      468      378      467      378
      467      377      467      378      467     1171
      493     1173      490     1198      467     1210
      455     1174      490      378      468     1175
      489      377      468   125212-pulse  2915221-space

  2893507-space

     3339     1592      468      378      467      377
      467     1196      469      363      482     1196
      468      378      468      375      468      377
      467     1198      467     1197      468      377
      472      348      492      377      467     1197
      467     1198      467      353      491      378
      467      377      468      352      492      377
      468      376      469      377      467      378
      468      377      467      378      467      378
      467      377      469      376      468     1197
      467      377      468      376      468      353
      491      377      468      377      467      378
      468      377      467     1174      491      377
      474      370      467      377      468      378
      466      378      467     1174      490     1173
      491     1198      467     1173      492     1196
      468     1173      492      353      491      378
      468      376      468     1173      494      375
      467      377      468      377      467      381
      465      376      468      377      468      377
      468      376      468     1197      468     1196
      469      376      467      377      468      375
      469      377      467      377      468      376
      469      377      467      353      491      377
      468     1198      467     1197      467      351
      493      352      493      356      489      377
      470      375      467      378      467      377
      468      377      467      377      467      377
      468      377      467      377      468      377
      468      377      467      376      468      377
      468      378      467      377      467      377
      468      377      468      377      467      377
      468      377      468      377      467      377
      468      377      467      382      463      377
      468      377      468      377      467      377
      467      377      467      378      467      377
      467      379      467      377      468      376
      468      351      493      353      491     1173
      492     1197      468     1174      491     1196
      468      377      468      351      493     1172
      493      377      469   125094-pulse  2835243-space

  2812202-space

     3344     1587      463      377      468      377
      468     1226      439      380      464     1196
      472      375      468      374      531      312
      472     1195      467     1197      468      375
      467      378      467      377      472     1193
      468     1196      485      361      464      378
      466      377      468      377      468      377
      468      377      467      378      467      378
      467      377      468      377      467      354
      491      378      477      367      468     1197
      467      377      468      377      468      377
      467      354      490      377      468      378
      467      377      467     1173      492      376
      468      376      468      378      467      378
      466      377      468     1173      501     1187
      468     1196      468     1172      510     1179
      468     1172      492      376      468      377
      467      377      468     1196      468      376
      468      380      465      376      468      377
      468      377      468      377      468      376
      468      377      467     1173      491     1173
      491      377      467      378      467      377
      468      378      467      377      468      377
      467     1198      467      353      491      352
      493     1197      467     1202      463      377
      468      376      468      377      467      377
      468      378      467      353      492      353
      491      378      467      351      493      377
      468      378      467      352      492      353
      491      377      468      353      490      378
      467      378      467      357      489      352
      493      352      493      377      468      377
      468      376      469      353      490      377
      468      377      468      377      468      351
      493      378      468      352      493      377
      469      383      460      377      467      377
      468      378      469      376      467      377
      467      377      467      377      468     1174
      491     1196      468     1196      468     1196
      467     1173      491     1173      491      378
      468      377      467   134652-pulse