3364
1593
468
376
468
377
467
1172
492
377
467
1199
465
378
467
353
492
377
468
1196
467
1174
490
377
468
377
467
377
475
1189
468
1197
468
376
468
376
467
377
467
379
465
392
457
373
467
378
467
387
459
376
467
379
466
377
467
378
467
377
468
1198
483
361
466
381
465
352
492
377
468
377
467
376
468
377
467
1197
467
377
468
377
468
377
475
370
466
378
467
1199
466
1196
468
1198
467
1173
491
1196
468
1175
489
378
466
360
492
370
466
1197
470
374
467
377
467
377
467
377
469
376
470
374
468
377
467
377
467
1196
467
1198
466
378
467
378
467
377
467
378
467
377
468
378
467
377
467
378
467
378
466
1197
468
1173
491
377
467
379
467
385
458
354
490
378
471
374
473
347
491
1200
464
1196
467
378
467
376
471
374
466
379
465
378
466
378
467
377
467
377
467
378
467
378
466
377
467
388
456
377
468
377
467
377
474
372
467
378
467
379
465
378
467
378
467
378
466
379
466
379
466
378
466
379
467
377
467
378
467
378
481
366
465
381
464
377
466
377
469
1171
490
1198
466
379
466
378
467
1178
485
378
467
130106-pulse