3341
1542
485
317
513
344
488
1123
487
317
513
1101
531
324
487
344
488
350
481
1129
481
1123
486
344
487
344
487
344
487
1125
488
1124
488
342
488
341
491
340
488
317
512
344
487
344
488
343
488
342
488
345
485
343
487
345
490
345
486
341
489
1122
486
343
486
343
488
342
489
342
489
342
490
367
469
338
490
1128
491
337
494
332
487
316
514
342
489
342
491
1123
488
1098
514
1098
518
1093
511
1124
483
1125
486
315
514
343
489
316
516
1128
481
342
488
343
489
342
487
318
511
346
487
317
514
343
489
342
489
1104
504
1132
491
309
514
343
489
1127
483
317
512
343
487
344
489
1102
507
1123
492
1118
488
343
487
1127
499
303
513
318
513
344
486
345
487
344
487
343
487
344
488
323
506
318
513
344
487
318
512
345
487
318
513
318
513
318
511
346
486
344
487
344
487
343
487
318
516
342
487
320
509
343
487
344
488
343
487
318
512
319
512
319
512
345
486
318
513
318
512
344
488
343
486
344
487
344
487
343
487
344
486
344
487
344
487
367
463
1099
513
1123
488
1097
512
1124
487
317
513
1097
512
345
487
133182-pulse