Using driver default on device /dev/lirc1
 16777215

     3363     1569      491      377      468      376
      468     1196      468      376      469     1196
      468      377      468      376      468      376
      468     1196      468     1196      468      377
      469      378      467      374      469     1197
      468     1196      469      375      469      377
      468      376      469      376      469      377
      468      376      469      376      469      375
      468      376      469      376      468      377
      468      375      470      375      469     1195
      469      376      468      376      468      376
      469      376      469      375      469      376
      468      352      493     1195      469      376
      469      376      468      377      468      376
      468      377      468     1196      468     1195
      472     1193      468     1195      468     1196
      475     1190      468      353      490      353
      492      376      468     1196      469      375
      469      376      469      376      469      376
      469      375      469      376      468      377
      468      376      469     1173      490     1198
      466      376      468      376      468      377
      469     1195      469      376      469     1174
      490     1196      469      353      491      377
      469     1195      469      376      468      376
      469      376      468      376      469      376
      469      376      470      376      469      379
      464     1196      469     1173      491      376
      470      376      470      374      469      375
      468      376      469      375      468      377
      469      376      468      376      469      376
      469      376      469      376      468      377
      468      353      492      376      469      378
      467      376      469      387      459      375
      468      376      468      377      469      375
      470      375      469      376      469      376
      469      376      468      377      468      376
      469      375      469      375      470     1194
      469     1196      468      376      469      376
      468     1196      469     1196      469      376
      469      377      468    19303-pulse  3789296-space

  3761157-space

     3363     1574      487      382      463      381
      463     1200      465      380      464     1200
      464      381      464      381      464      381
      465     1199      464     1175      489      380
      465      355      490      356      488     1200
      464     1176      489      380      464      356
      489      381      463      380      465      382
      463      382      463      383      466      379
      462      381      464      382      463      381
      464      383      462      381      464     1176
      489      380      464      381      464      381
      464      381      465      379      464      381
      464      381      463     1200      464      381
      464      381      464      381      464      358
      487      381      463     1175      490     1200
      464     1176      488     1175      489     1201
      464     1176      487      358      486      381
      463      391      455     1201      462      356
      489      381      463      382      463      381
      464      381      464      381      464      381
      464      380      465     1200      463     1201
      465      380      464      381      463      383
      462      382      463      394      451      381
      463     1200      464      381      463      381
      464     1175      490     1200      477      368
      463      382      463      382      463      380
      464      383      462      381      464      381
      464     1199      465     1174      490      381
      464      356      488      382      463      381
      464      380      464      381      464      381
      464      381      463      381      463      381
      463      383      462      381      464      381
      465      380      463      381      463      358
      487      381      463      375      469      384
      461      381      463      380      465      380
      464      380      465      382      463      382
      464      381      463      382      463      381
      463      381      464      381      463      381
      463      381      464     1178      485     1202
      463     1201      464     1200      465      357
      488      381      464    19887-pulse  3019887-space

  2993093-space

     3363     1571      489      380      465      381
      463     1178      487      380      464     1200
      464      380      464      381      463      381
      465     1199      464     1201      463      381
      464      380      464      381      463     1201
      464     1176      488      381      463      381
      464      381      463      379      466      384
      462      379      464      381      466      379
      463      381      464      382      463      380
      464      380      464      381      463     1201
      463      381      464      381      464      381
      464      380      465      380      464      381
      464      381      464     1200      465      380
      464      382      464      381      463      397
      448      383      462     1200      464     1175
      490     1176      489     1200      464     1176
      488     1175      489      380      465      380
      473      372      464     1200      464      381
      464      380      464      381      464      380
      464      381      464      381      465      357
      486      381      463     1200      464     1201
      463      357      488      381      464      380
      464      356      488      381      464      382
      463     1176      489      380      464      381
      464     1199      464      381      463     1201
      464      381      464      380      464      380
      465      357      487      380      464      380
      464      380      465      380      464      358
      486      382      463      357      487      356
      487      383      464      380      464      381
      464      380      464      381      463      381
      464      381      464      381      464      380
      464      382      462      382      464      357
      487      380      463      381      464      395
      450      380      464      380      464      383
      463      381      463      381      464      359
      487      380      464      358      487      381
      464      380      464      357      488      382
      463     1200      464     1176      489     1200
      464     1201      464     1179      486      381
      465      381      463    19348-pulse  2789347-space

  2761018-space

     3365     1571      489      381      463      381
      464     1177      487      380      464     1201
      463      380      464      381      464      380
      464     1174      490     1176      488      381
      464      381      464      379      464     1201
      464     1201      464      380      464      380
      475      370      464      381      463      381
      464      381      464      382      464      380
      464      380      463      381      463      381
      464      390      455      381      464     1200
      463      381      464      381      464      380
      464      381      464      380      464      380
      465      380      463     1178      487      382
      463      381      463      381      464      357
      487      381      465     1201      464     1200
      473     1192      464     1178      486     1200
      465     1200      464      381      463      384
      461      382      463     1200      464      356
      488      381      463      381      464      381
      463      381      463      355      489      381
      464      380      465     1174      489     1199
      466      381      463      381      465      381
      464      380      464      357      487      381
      464     1200      463      381      464      380
      464     1200      465     1200      464     1200
      464      381      464      381      463      358
      487      380      465      381      465      357
      486     1200      465     1201      464      380
      464      381      464      384      460      381
      464      381      464      381      465      380
      464      381      463      381      463      382
      463      381      464      358      487      381
      464      381      464      382      463      385
      459      381      464      382      464      379
      473      371      464      381      463      381
      464      359      486      380      464      379
      464      381      463      381      463      381
      463      393      452      381      464      380
      464     1200      464      381      464     1202
      463     1201      476     1188      464      357
      489      382      463    19244-pulse  3039240-space

  3014854-space

     3365     1596      463      356      488      381
      464     1200      464      381      463     1201
      464      381      463      381      463      381
      463     1200      464     1201      464      381
      465      382      462      381      463     1177
      488     1201      463      381      462      381
      464      380      463      381      463      382
      461      359      486      381      464      381
      464      381      463      381      463      358
      486      381      464      382      463     1175
      489      380      464      383      462      358
      487      382      462      381      463      382
      463      380      463     1178      487      381
      463      382      464      380      463      380
      463      357      490     1198      464     1201
      464     1200      462     1202      464     1200
      465     1200      464      390      454      382
      463      381      464     1201      463      381
      464      359      486      382      463      384
      461      381      464      380      464      381
      463      382      463     1177      487     1176
      488      381      464      382      464      380
      465      381      463      381      464      381
      470     1170      486      381      464      381
      463     1200      465      380      474      372
      462     1202      463      380      464      381
      463      381      464      382      463      381
      463     1201      464     1177      487      381
      463      381      463      381      463      381
      463      381      463      357      487      382
      463      380      464      382      462      382
      463      382      463      381      465      381
      463      380      466      382      461      383
      460      381      463      382      463      381
      464      381      463      382      463      381
      463      383      462      358      487      380
      464      382      463      356      488      381
      463      382      463      382      463     1178
      487      355      489      381      463     1177
      487     1202      465     1174      488      357
      487      382      463    16125-pulse  3366117-space

  3343228-space

     3364     1573      487      381      466      377
      465     1199      465      380      464     1200
      464      381      463      381      467      378
      464     1175      490     1198      465      380
      464      379      465      381      464     1199
      465     1200      466      379      465      378
      464      380      464      381      464      380
      463      381      465      357      487      381
      464      357      488      380      465      380
      465      380      464      381      463     1174
      491      355      489      380      468      352
      489      380      465      381      463      381
      464      380      464     1199      466      380
      464      380      464      359      486      357
      487      380      464     1200      465     1207
      457     1200      464     1177      487     1206
      458     1200      464      381      464      355
      489      381      464     1210      454      381
      464      381      464      380      471      374
      463      380      464      381      464      380
      464      380      464     1174      491     1176
      488      380      464      380      465      380
      464     1201      464      380      464     1200
      464     1199      465      380      465      380
      465     1201      463      357      487      382
      463      378      466      381      463      381
      463      381      467      379      464      381
      464     1177      488     1200      464      380
      464      381      463      381      464      381
      464      381      464      382      463      381
      464      380      465      380      467      379
      463      381      464      380      464      381
      464      381      465      355      488      381
      464      380      464      382      464      379
      465      380      464      380      464      380
      464      380      464      381      464      381
      464      379      466      379      465      380
      465      380      464      358      487     1200
      464     1200      465      382      464      379
      464     1201      464     1176      488      381
      464      380      464    13813-pulse  7833804-space

  3514110-space

     3295     1637      399      469      399      473
      347     1267      397      449      445     1266
      375      446      398      446      396      449
      290     1372      347     1318      366      505
      373      421      400      447      397     1290
      400     1269      370      467      426      397
      425      446      372      471      292      555
      258      585      372      500      345      447
      425      445      374      501      368      497
      323      498      250      541      425     1267
      395      473      321      523      350      469
      372      447      446      481      339      448
      398      448      397     1297      368      501
      345      444      376      495      372      448
      372      496      352     1288      372     1292
      372     1303      387     1267      396     1267
      374     1299      390      446      374      498
      291      530      314     1375      342      475
      371      523      348      445      400      421
      400      496      375      470      347      480
      366      513      354     1293      372     1240
      400      576      262      476      401      470
      397      454      340      499      347      448
      399     1264      399      443      403      471
      399     1242      420     1241      450      445
      373      449      342      500      372      499
      347      525      315      502      346      521
      264     1377      347     1264      355      492
      447      421      401      472      344      500
      317      553      320      473      373      470
      400      420      398      473      344      526
      323      520      353      467      261      610
      372      446      372      475      397      445
      347      550      261      611      259      506
      372      500      258      560      373      472
      397      453      392      471      354      466
      292      526      453      419      397      422
      397      474      371      499      346      474
      371      496      347     1292      423     1239
      407     1233      401     1265      423      470
      245      575      385    16557-pulse