Using driver default on device /dev/lirc0
 16777215

     3343     1513      489      342      462      343
      488     1097      488      343      488     1123
      462      343      463      316      488      343
      488     1123      488     1123      462      342
      463      342      462      343      487     1123
      487     1124      469      338      463      315
      492      337      464      341      462      342
      464      341      462      343      462      342
      469      311      489      315      490      340
      466      339      488      318      489     1125
      489      312      464      340      465      339
      462      342      463      342      462      343
      462      343      488     1124      460      356
      449      343      461      343      462      343
      463      342      488     1123      487     1123
      487     1124      487     1124      489     1125
      488     1127      461      337      462      343
      462      343      486     1128      460      339
      462      342      463      343      460      319
      488      316      489      342      466      340
      463      343      488     1121      489     1123
      462      319      485      341      489     1096
      490      341      462      342      462      343
      487     1099      511     1126      486     1123
      462      343      487     1124      462      317
      524      308      462      321      486      341
      463      350      452      317      489      342
      463      315      491      340      461      321
      485      316      488      342      462      354
      451      342      463      343      463      386
      418      343      461      341      463      342
      464      341      464      341      463      316
      489      342      466      339      463      342
      479      299      489      315      489      342
      464      341      465      341      464      342
      463      347      461      313      491      339
      466      339      462      316      489      315
      491      343      460      344      469      341
      490     1124      485     1096      510     1124
      487     1124      460      317      513     1124
      463      341      489   128086-pulse 16777215-space

     3343     1534      461      342      463      342
      488     1097      488      343      487     1125
      461      342      465      313      489      341
      487     1125      487     1124      463      340
      463      343      461      344      486     1125
      487     1127      457      343      465      313
      489      315      491      341      473      329
      462      315      490      341      461      341
      462      344      463      343      475      326
      464      357      448      314      513     1127
      460      341      463      340      462      347
      457      342      487      318      463      316
      488      341      490     1097      488      343
      461      341      476      327      463      342
      462      342      486     1098      514     1125
      485     1125      484     1128      482     1105
      505     1126      483      318      460      362
      445      315      515     1124      483      320
      465      342      461      315      490      339
      465      339      465      338      463      344
      463      343      499     1113      483     1101
      483      340      463      341      490     1127
      457      340      463      343      461      344
      489     1125      483     1127      484     1121
      462      318      513     1102      488      309
      488      345      461      341      469      340
      462      372      432      313      487      340
      463      342      463      341      466      350
      450      342      462      343      503      277
      488      315      489      341      469      339
      458      342      462      316      490      350
      458      343      459      313      489      341
      463      341      464      342      461      346
      459      341      463      341      465      342
      485      317      464      340      464      341
      464      339      463      340      463      342
      462      342      463      372      433      316
      490      339      463      341      465      315
      517     1104      502     1122      486     1123
      489     1122      462      342      488     1130
      457      338      488   127680-pulse 16777215-space

     3343     1537      488      317      513      344
      489     1097      514      341      488     1097
      514      349      482      342      488      317
      513     1098      513     1125      488      342
      488      316      514      345      486     1123
      488     1097      513      344      488      343
      489      342      488      317      514      343
      489      342      489      316      513      347
      490      312      517      343      511      297
      507      341      490      343      493     1108
      499      340      489      342      490      340
      489      316      514      349      485      358
      474      312      514     1127      485      343
      488      351      480      339      489      342
      489      315      515     1124      486     1102
      510     1097      513     1098      513     1097
      513     1098      514      342      488      343
      488      343      492     1100      516      352
      474      341      487      315      514      341
      490      344      490      340      490      340
      488      342      488     1124      519     1090
      488      318      511      346      489     1124
      485      315      515      341      488      342
      488     1123      489     1099      510     1126
      485      342      489     1122      488      318
      540      337      473      340      485      342
      489      343      486      346      486      351
      483      362      469      341      496      333
      488      377      452      342      489      341
      489      348      485      338      492      344
      497      329      496      311      514      346
      486      314      517      341      488      340
      490      342      489      320      515      350
      480      342      486      392      442      338
      516      315      491      336      488      369
      462      343      489      343      490      314
      518      343      491      308      519      356
      477      336      489      315      517      341
      492     1093      519     1120      486     1099
      534     1108      482      314      516     1124
      529      298      490   132369-pulse 16777215-space

     3345     1511      541      338      510      344
      488     1125      561      291      490     1125
      507      346      514      361      493      344
      492     1121      485     1125      510      344
      512      342      516      315      513     1102
      509     1133      507      343      514      344
      533      328      501      342      515      318
      544      344      504      351      508      340
      518      312      556      333      511      313
      543      342      514      330      494     1124
      513      315      538      344      511      320
      540      342      513      343      514      343
      517      314      511     1101      536      348
      509      365      491      318      540      343
      513      344      489     1126      486     1127
      484     1123      489     1100      508     1130
      483     1098      544      333      519      335
      517      314      516     1099      534      346
      513      344      514      392      463      348
      503      345      515      341      513      347
      619      233      492     1129      479     1101
      563      319      509      317      512     1131
      519      361      482      343      517      338
      491     1150      457     1125      502     1108
      508      343      491     1129      508      343
      510      317      541      373      500      314
      523      371      485      344      511      345
      510      345      524      332      514      342
      515      342      513      363      493      347
      510      344      511      318      539      321
      536      314      540      345      512      365
      489      317      539      344      540      316
      510      321      540      341      514      344
      512      349      507      343      512      342
      514      344      517      315      536      343
      509      343      513      345      513      342
      515      342      516      343      539      289
      542      340      513      342      516      343
      490     1125      501     1109      486     1126
      483     1096      579      297      494     1097
      539      309      517   141870-pulse 16777215-space

      180   129183-pulse 16777215-space

      266   134991-pulse 16777215-space

      176   131958-pulse 16777215-space

     3344     1536      463      341      462      343
      488     1123      464      341      487     1124
      463      342      463      315      489      342
      489     1122      488     1123      463      342
      464      340      462      343      489     1096
      512     1124      463      316      489      316
      489      316      489      317      489      342
      463      342      463      342      464      347
      460      342      463      341      462      340
      465      340      486      358      454     1121
      461      315      491      311      489      332
      473      344      461      315      491      340
      462      343      487     1128      461      338
      463      343      462      342      464      340
      464      340      489     1100      530     1117
      478     1122      485     1125      487     1121
      488     1123      459      316      488      342
      462      317      514     1100      486      341
      465      342      462      341      465      316
      489      313      490      339      465      314
      490      341      489     1125      486     1123
      462      339      469      334      487     1124
      463      341      463      342      466      339
      488     1099      512     1100      510     1124
      463      339      489     1097      486      343
      464      341      464      342      463      341
      465      339      463      346      456      342
      463      343      465      340      464      342
      464      342      462      342      464      342
      462      316      490      314      491      340
      463      340      464      346      458      344
      465      314      488      341      465      339
      464      341      465      340      462      340
      464      344      460      344      459      341
      464      341      469      336      466      316
      487      316      492      339      463      342
      463      340      462      343      462      343
      463      341      464      341      464      342
      487     1135      485     1125      495     1088
      506     1129      463      337      505     1084
      487      340      489   134471-pulse 16777215-space

     3343     1510      489      372      458      342
      514     1098      488      368      487     1124
      464      341      488      369      463      368
      489     1123      487     1098      488      368
      462      369      463      368      488     1098
      513     1097      488      369      462      369
      463      368      462      368      465      366
      473      335      489      367      469      358
      469      338      489      368      460      369
      464      365      466      340      516     1123
      464      366      465      337      489      367
      465      368      463      368      463      341
      488      343      511     1099      487      367
      464      367      462      377      454      342
      497      359      487     1098      514     1098
      513     1123      488     1096      513     1135
      476     1129      457      369      467      396
      435      364      491     1122      463      338
      487      368      463      342      489      340
      491      366      464      367      476      334
      489      365      489     1122      489     1094
      485      369      462      342      515     1096
      486      369      461      369      462      368
      490     1121      487     1130      481     1099
      485      368      488     1096      489      368
      463      368      463      367      465      366
      466      367      500      304      491      348
      481      365      467      338      492      338
      489      366      463      370      462      376
      459      362      466      367      471      363
      458      370      462      368      463      341
      493      368      458      369      464      340
      492      362      469      365      464      366
      466      340      492      364      492      338
      464      338      492      366      467      368
      457      412      418      367      462      370
      478      351      464      366      464      359
      469      408      422      368      466      339
      516     1099      511     1130      513     1089
      485     1126      464      363      488     1125
      496      338      499   129419-pulse 15729346-space

  2821427-space

     3344     1538      462      369      462      343
      513     1098      487      370      487     1124
      462      368      463      368      462      369
      487     1124      487     1098      487      369
      462      343      489      368      486     1124
      489     1096      489      368      465      368
      465      368      463      364      463      342
      489      344      486      342      489      351
      479      368      464      386      457      354
      465      366      462      342      517     1125
      464      362      463      367      463      342
      489      368      464      367      463      367
      486      344      487     1123      462      368
      463      368      462      369      462      343
      488      369      487     1098      513     1124
      487     1123      486     1124      488     1128
      487     1122      458      369      463      368
      462      368      488     1101      489      390
      436      368      467      338      496      351
      474      366      465      364      491      316
      488      366      491     1121      489     1096
      488      363      465      365      488     1129
      458      366      464      367      465      366
      491     1122      490     1120      489     1121
      462      339      514     1099      490      362
      467      368      459      368      461      368
      463      369      463      368      464      365
      487      344      464      368      460      367
      463      368      462      343      489      370
      463      366      465      366      463      367
      463      367      464      367      462      367
      463      368      462      371      462      340
      489      367      463      342      489      367
      489      344      492      338      465      344
      488      367      464      338      490      339
      492      338      488      368      461      369
      462      370      462      366      464      366
      463      367      463      368      462      368
      488     1126      485     1126      485     1123
      488     1124      462      346      509     1106
      484      365      487   136809-pulse 16777215-space

     3347     1510      488      374      478      368
      515     1099      492      389      487     1123
      464      390      463      393      463      396
      486     1099      512     1098      504      376
      462      395      464      392      487     1102
      508     1128      458      394      461      369
      518      365      463      409      493      350
      462      368      488      391      466      393
      461      368      487      386      469      395
      460      367      490      393      491     1097
      489      390      463      365      488      369
      488      366      492      391      462      398
      459      395      486     1100      487      374
      477      396      463      397      495      332
      488      369      512     1125      488     1123
      486     1125      485     1126      484     1126
      486     1125      459      366      490      391
      463      398      483     1125      459      394
      461      394      464      367      489      395
      502      355      461      393      463      393
      464      393      487     1099      510     1125
      461      395      462      394      487     1098
      508      374      464      392      462      394
      490     1126      484     1105      504     1125
      466      390      486     1126      461      393
      465      400      452      397      461      395
      463      395      461      397      492      361
      462      394      464      408      447      395
      462      368      489      394      464      366
      503      379      461      394      462      396
      460      444      414      393      463      397
      460      395      460      394      460      395
      462      367      492      416      440      392
      462      367      487      394      495      363
      461      366      489      392      484      349
      485      395      460      394      462      369
      487      393      464      366      494      387
      461      407      457      363      491      392
      488     1101      510     1125      487     1123
      483     1128      460      392      485     1100
      488      392      525   126478-pulse 16777215-space

     3344     1513      483      420      461      422
      486     1128      462      389      513     1149
      436      419      467      417      463      418
      491     1150      456     1127      459      418
      463      421      460      422      483     1128
      489     1098      483      451      433      418
      463      428      455      391      491      418
      464      420      462      420      471      386
      499      407      464      392      489      420
      464      419      461      422      487     1098
      487      420      463      406      481      389
      490      417      467      444      433      420
      460      393      513     1127      462      417
      482      399      465      437      444      422
      459      420      487     1127      491     1150
      459     1124      505     1102      494     1119
      482     1127      458      393      489      436
      442      399      512     1097      486      420
      461      462      424      415      460      426
      462      417      469      421      454      418
      460      420      484     1129      487     1124
      460      417      462      419      487     1126
      461      392      488      420      463      422
      484     1125      484     1131      484     1129
      457      422      482     1125      462      418
      460      452      428      404      480      419
      481      401      464      418      460      420
      464      418      464      394      487      416
      460      434      453      393      489      419
      464      419      466      418      483      397
      493      412      437      419      465      416
      468      416      463      393      487      396
      488      394      516      389      461      420
      467      416      460      477      421      402
      473      410      463      450      433      393
      534      392      441      397      516      389
      462      418      464      418      463      393
      487      461      422      420      462      394
      513     1103      531     1101      478     1127
      486     1129      457      419      491     1123
      460      419      487   132537-pulse 10712591-space

  2099680-space

     3344     1509      483      395      462      396
      486     1128      474      381      486     1100
      485      392      463      394      462      412
      470     1128      487     1097      485      399
      456      394      468      387      493     1122
      483     1126      459      397      464      390
      466      393      462      394      463      373
      568      305      461      412      447      397
      461      390      468      362      491      370
      486      395      461      395      492     1122
      459      364      492      391      532      323
      465      392      467      388      464      393
      464      391      487     1126      461      393
      462      410      447      393      461      393
      462      393      486     1129      483     1129
      485     1123      499     1111      481     1136
      478     1128      456      367      489      390
      461      370      512     1125      459      395
      464      393      464      366      488      368
      490      366      488      368      488      395
      464      366      512     1103      505     1103
      488      364      486      394      488     1125
      462      392      463      392      464      391
      489     1100      510     1127      487     1127
      465      361      516     1123      461      365
      490      367      489      390      461      393
      464      391      464      410      449      393
      461      368      487      368      487      400
      460      391      463      392      467      365
      490      367      490      366      489      395
      462      388      467      365      494      390
      463      429      432      391      461      400
      458      391      462      393      463      393
      463      378      484      404      458      385
      464      391      463      367      489      393
      464      391      463      392      463      397
      454      393      464      395      465      366
      486      396      465      390      462      392
      490     1125      486     1126      491     1143
      461     1098      482      395      490     1125
      459      393      484   134287-pulse 12244345-space

  3627586-space

     3314     1516      484      363      462      342
      513     1108      478      393      464     1127
      457      342      487      343      485      369
      486     1102      511     1127      458      367
      462      396      435      368      487     1099
      511     1125      461      368      464      370
      460      369      474      355      465      365
      462      371      460      367      465      367
      463      341      537      317      466      365
      462      367      461      369      487     1132
      453      341      497      367      455      368
      464      367      460      368      463      369
      461      367      490     1098      486      367
      459      370      461      367      464      341
      489      367      489     1101      508     1127
      484     1101      510     1126      512     1118
      469     1121      457      367      461      367
      461      345      514     1135      453      366
      459      369      465      352      472      370
      463      384      443      370      463      366
      473      356      530     1083      489     1098
      484      367      477      325      517     1098
      484      367      465      366      471      359
      528     1091      484     1125      481     1098
      488      364      489     1126      455      372
      459      368      460      369      464      343
      544      309      464      365      466      366
      460      370      463      367      462      368
      463      367      464      368      464      341
      490      340      488      365      466      365
      464      367      465      365      465      365
      465      366      462      366      467      366
      461      367      463      340      549      306
      461      342      489      365      464      340
      491      340      486      370      466      366
      464      386      440      342      490      346
      483      366      463      368      462      367
      472      332      492      364      464      366
      487     1127      481     1131      487     1124
      484     1123      457      368      488     1129
      457      365      486   130474-pulse 16777215-space

      212   131835-pulse