Using driver default on device /dev/lirc0
  4312853

     3343     1513      520      347      476      344
      488     1123      487      344      487     1123
      487      344      487      344      487      344
      487     1126      485     1099      512      344
      487      344      487      344      488     1097
      513     1124      488      343      486      345
      487      343      488      348      485      318
      515      343      485      340      490      344
      489      339      489      343      490      337
      489      342      491      340      489     1100
      514      338      517      287      513      344
      488      316      516      320      509      341
      487      343      491     1099      513      313
      514      343      484      344      486      345
      490      341      486     1124      487     1124
      487     1098      515     1096      512     1124
      488     1127      491      339      488      343
      487      343      487     1098      512      343
      487      341      488      344      488      343
      488      342      488      343      489      342
      490      342      488     1098      512     1126
      485      340      489      345      487     1098
      512      341      487      343      487      341
      489     1126      509     1075      511     1124
      489      339      489     1126      486      341
      489      340      489      343      488      343
      491      341      488      340      503      329
      489      343      488      344      483      317
      516      340      488      344      516      313
      490      315      514      358      475      346
      493      331      529      302      537      294
      489      315      516      318      515      315
      515      341      491      336      490      342
      486      355      478      390      448      336
      487      360      467      342      489      340
      489      340      489      343      490      342
      492      343      483      315      521      335
      487      341      489      344      512      323
      491     1148      459     1144      466     1122
      494     1092      514      341      488     1123
      488      340      491   129460-pulse