Using driver default on device /dev/lirc1
 16777215

     3364     1569      491      377      468      376
      469     1196      468      377      468     1196
      469      377      467      377      469      377
      468     1196      468     1197      468      376
      468      377      471      374      469     1196
      468     1174      490      377      468      377
      474      371      468      376      468      377
      467      379      466      376      468      376
      469      377      468      376      469      377
      467      390      455      377      468     1196
      469      377      468      377      467      377
      468      376      468      377      468      376
      468      376      468     1196      468      376
      468      377      469      376      469      376
      468      376      469     1212      450     1196
      470     1194      467     1173      493     1196
      472     1192      468      376      468      377
      468      352      492     1196      477      371
      465      377      468      378      467      376
      468      377      468      376      469      376
      469      376      468     1196      467     1174
      491      377      468      376      468      376
      468      378      466      377      468      377
      469     1196      469      376      468      377
      467     1197      468     1196      468      377
      468      376      468      376      469      376
      468      378      468      375      469      376
      468      377      468      375      470      377
      467      377      468     1172      491      377
      467      377      468      376      470      374
      469      376      468      377      468      376
      468      375      470      377      468      377
      468      376      469      376      468      351
      494      377      467      377      468      381
      467      374      468      376      468      378
      468      376      469      375      469      377
      469      351      492      378      469      376
      468      376      468      376      469     1172
      491     1196      467     1198      468     1198
      466      378      468     1195      469      378
      467      378      466    19197-pulse  1469196-space

  1443566-space

     3364     1593      468      376      468      376
      468     1196      467      377      467     1197
      468      377      468      377      468      376
      468     1197      468     1197      468      376
      468      377      468      377      468     1196
      468     1175      489      377      468      377
      467      378      467      379      467      377
      467      351      494      376      468      377
      468      378      467      377      467      384
      460      377      468      377      468     1196
      468      377      468      377      467      377
      468      376      468      377      468      376
      468      377      466     1176      489      378
      468      376      468      376      470      376
      467      377      467     1197      468     1196
      468     1197      468     1172      492     1197
      468     1173      490      378      468      376
      468      377      468     1196      468      377
      467      377      468      376      468      377
      468      376      470      351      492      377
      468      378      468     1196      468     1197
      467      378      467      377      467      380
      465      376      468      377      468      377
      467     1197      467      376      468      377
      468     1197      468     1196      468      377
      468      354      490      392      455      378
      466      376      468      377      468      376
      468      376      469      377      468      376
      468      377      470      374      467      377
      468      377      469      377      468      376
      467      381      465      376      468      377
      468      376      468      379      465      376
      468      376      468      376      468      376
      468      378      467      379      467      352
      492      376      468      377      469      376
      468      352      493      378      468      377
      468      377      467      377      468      377
      469      376      468      377      468     1196
      468     1196      468     1196      467     1197
      468     1196      468     1197      468      377
      468      376      468    17358-pulse  1687354-space

  1663980-space

     3365     1596      464      381      464      381
      463     1200      465      381      464     1201
      464      380      464      381      464      383
      462     1200      464     1200      465      381
      463      381      464      383      461     1201
      464     1200      464      381      464      380
      464      380      464      382      463      382
      462      382      463      356      488      357
      487      381      467      379      462      382
      463      382      462      381      464     1177
      487      381      463      381      463      382
      462      358      488      381      464      381
      464      381      463     1200      465      381
      463      381      464      381      463      382
      463      382      463     1176      489     1200
      464     1176      488     1178      487     1200
      464     1200      464      382      463      385
      460      381      464     1201      464      381
      463      381      470      375      463      381
      463      381      463      381      463      381
      464      381      463     1200      465     1200
      464      381      464      357      488      380
      464      388      457      381      464      381
      463     1176      488      382      463      382
      462     1201      463     1201      466      379
      464      382      464      380      463      381
      464      381      464      382      463      381
      463      382      463      380      464      381
      464      380      464     1201      464      382
      462      383      461      384      461      381
      463      381      464      381      464      380
      464      382      462      382      463      382
      464      388      458      380      463      381
      463      382      463      383      463      383
      461      382      463      381      463      359
      486      381      463      382      463      381
      463      382      463      381      466      379
      463      359      485      382      462     1180
      484     1201      464     1201      464     1201
      463      356      488     1177      488      381
      463      382      463    15106-pulse  1775088-space

  1755025-space

     3364     1572      488      378      466      381
      465     1176      488      381      464     1200
      464      381      464      381      464      381
      463     1201      464     1199      465      380
      465      380      464      380      464     1201
      464     1200      464      380      464      380
      464      380      464      380      464      380
      464      381      464      381      463      382
      463      381      464      380      465      380
      464      380      464      381      464     1176
      489      380      465      381      463      380
      464      355      489      381      462      390
      456      380      464     1200      465      380
      465      358      486      358      487      381
      464      380      464     1201      465     1174
      490     1175      488     1200      464     1200
      466     1200      465      354      490      380
      464      381      464     1202      463      381
      464      381      464      358      486      381
      463      381      464      381      464      356
      489      381      464     1200      468     1197
      464      380      465      381      464      382
      462      381      464      359      485      380
      465     1200      465      380      464      381
      465     1199      464     1177      488      381
      462      383      463      383      462      381
      463      381      464      381      464      380
      464      381      464      380      464      380
      464      383      462      380      464      381
      464      380      463      382      463      381
      464      382      463      381      463      382
      464      380      464      381      464      380
      464      381      464      380      464      380
      465      381      463      381      464      381
      463      382      463      381      463      381
      463      362      483      381      464      357
      489      380      464      381      464      381
      463      381      464      357      487     1200
      464     1201      463     1201      464     1200
      464     1201      463     1174      490      381
      464      357      488    21811-pulse