Using driver default on device /dev/lirc1
 16777215

     3363     1592      469      376      469      376
      468     1196      469      377      468     1195
      468      376      469      376      469      375
      469     1196      468     1173      491      376
      469      376      469      376      468     1196
      468     1196      469      376      468      377
      468      376      468      377      468      377
      467      376      468      376      468      378
      466      376      469      376      469      376
      469      376      468      376      469     1195
      470      375      468      377      468      376
      469      377      470      374      468      376
      469      376      469     1196      469      375
      471      374      469      377      468      376
      469      375      469     1197      467     1196
      468     1197      469     1198      465     1195
      469     1172      493      376      468      377
      467      384      461     1196      471      374
      469      376      470      375      469      375
      468      377      469      375      469      375
      470      376      469     1196      469     1197
      469      376      469      376      469      375
      469      376      468      387      458      376
      468     1197      468      376      468      376
      469     1196      469     1171      498      371
      468      377      468      377      468      376
      469      376      469      375      469      376
      468      377      467      377      468      376
      469      375      470      376      468      376
      481      365      468      376      468      376
      468      377      468      376      468      376
      469      375      469      377      467      377
      469      376      469      376      468      377
      468      375      475      371      467      377
      468      376      468      376      468      377
      469      352      492      354      491      377
      468      377      468      377      469      375
      468      377      468      376      476     1189
      468     1196      468     1196      478     1161
      493     1197      468     1196      468      376
      468      377      468    15608-pulse