Using driver default on device /dev/lirc1
 16777215

     3364     1594      467      355      493      375
      465     1176      488      379      465     1199
      466      379      474      346      490      378
      466     1171      493     1198      467      378
      466      378      466      379      466     1198
      466     1198      465      379      466      379
      466      379      466      379      465      382
      463      381      464      379      466      379
      465      378      466      378      467      378
      467      379      465      379      465     1174
      491      378      466      379      464      356
      491      378      466      379      466      357
      488      379      466     1174      490      378
      467      380      464      378      466      379
      466      379      466     1198      466     1198
      465     1199      465     1198      466     1198
      465     1175      489      380      466      379
      465      353      491     1175      490      379
      466      378      466      379      466      378
      466      378      466      379      467      379
      465      378      467     1198      466     1199
      466      378      466      378      466      380
      465      378      466      378      466      379
      466     1174      490      379      466      378
      467     1197      466     1173      492      379
      465      378      469      377      466      379
      467      378      466      379      465      356
      489      378      466      379      466      379
      466      379      466      386      458      378
      466      379      466      379      469      376
      465      379      465      380      465      379
      466      379      466      378      466      379
      466      379      465      379      466      387
      457      378      466      379      466      380
      473      370      465      379      465      379
      465      380      465      378      466      354
      491      378      467      354      491      379
      466      378      466      380      465     1199
      465     1198      465     1198      466     1198
      466     1198      466     1174      490      379
      466      354      490    18340-pulse  2618339-space

  2597728-space

     3370     1594      466      379      466      378
      465     1177      488      379      465     1199
      466      378      466      379      465      380
      465     1198      467     1174      490      378
      467      379      465      378      466     1201
      465     1197      465      379      468      382
      460      378      466      380      465      379
      466      379      466      379      466      379
      465      379      465      379      465      379
      466      379      466      379      465     1199
      466      380      465      379      466      378
      466      379      465      379      466      379
      466      367      476     1175      489      379
      468      376      465      381      464      380
      465      354      490     1175      490     1172
      491     1174      491     1197      467     1202
      462     1173      491      378      466      355
      489      379      466     1175      490      379
      466      379      466      379      473      371
      466      379      465      379      466      379
      466      379      465     1175      489     1199
      465      379      465      379      466      379
      466      379      466      379      466      378
      466     1172      491      355      490      378
      466     1199      464     1198      467      379
      465      378      467      379      465      380
      465      379      466      380      465      380
      465     1199      465      379      466      379
      466      379      466      379      466      353
      491      379      466      379      466      356
      488      379      466      379      468      377
      466      380      464      379      464      379
      466      379      465      380      464      380
      465      380      466      379      466      379
      465      379      465      380      465      379
      465      379      466      379      466      379
      466      378      466      378      466      379
      465      379      466      379      466      355
      490     1198      466     1199      466     1198
      466     1175      489     1174      490      380
      465      378      466    22342-pulse  2772362-space

  2749113-space

     3365     1594      466      379      465      380
      466     1198      466      379      465     1198
      466      379      465      378      466      379
      466     1174      490     1174      490      356
      489      355      499      370      466     1200
      465     1175      489      394      452      379
      465      380      465      380      465      379
      466      379      466      378      466      379
      465      379      466      379      465      378
      466      380      465      379      465     1174
      490      380      464      380      466      357
      486      379      465      379      466      355
      489      379      466     1198      466      379
      465      379      465      381      463      379
      465      380      465     1199      466     1178
      487     1174      490     1176      488     1173
      492     1174      489      360      488      383
      458      379      466     1199      466      353
      491      379      467      354      488      380
      465      378      466      380      465      380
      464      380      467     1198      465     1199
      466      379      465      380      465      380
      465      390      454      380      465      379
      466     1198      466      380      464      380
      465     1173      491     1198      467      379
      465      379      466      380      464      379
      466      379      466      379      464      380
      465      379      465     1199      465      380
      468      376      465      379      465      379
      466      379      466      379      466      380
      465      379      466      380      465      356
      489      388      457      380      465      379
      466      381      473      370      465      380
      465      357      488      379      466      378
      466      354      491      379      466      380
      465      357      488      378      467      378
      466      379      466      379      472      374
      465      379      466      380      465     1198
      467      379      466     1173      491     1198
      473     1168      489     1200      464      380
      465      379      466    14963-pulse  2614949-space

  2585749-space

     3369     1595      466      379      465      379
      465     1199      466      354      491     1200
      464      380      466      379      465      380
      464     1174      489     1210      453      380
      465      380      465      383      462     1198
      465     1199      465      379      466      379
      466      379      464      379      465      357
      487      379      465      379      466      380
      465      379      465      380      465      380
      466      380      464      356      489     1199
      470      351      488      380      466      380
      464      379      465      379      465      380
      466      354      490     1197      467      379
      466      379      465      379      474      371
      464      380      466     1199      465     1199
      465     1198      466     1176      487     1175
      489     1198      466      380      465      380
      468      376      466     1199      467      377
      465      356      489      379      464      379
      466      379      466      379      465      357
      488      354      492     1175      489     1199
      466      377      467      379      465      379
      465      355      491      378      466      379
      465     1199      465      379      465      380
      465     1201      464     1174      490      379
      465      380      465      380      465      357
      487      380      466      380      464      379
      468     1197      464     1199      468      377
      466      356      488      379      466      379
      465      380      465      378      468      378
      466      379      465      380      466      379
      465      380      465      379      466      380
      469      375      465      380      465      380
      465      379      465      379      465      378
      466      380      466      378      466      380
      467      379      464      379      465      379
      465      380      465      354      490      380
      464      380      464      380      464      380
      465      379      466     1172      492     1198
      465     1199      466     1175      489      357
      487      380      464    20942-pulse  2540953-space

  2517246-space

     3365     1594      466      379      466      379
      466     1199      465      358      487     1172
      504      368      465      380      466      380
      464     1199      466     1199      476      367
      466      380      465      379      465     1199
      466     1199      465      379      468      377
      465      354      490      380      463      381
      465      379      465      380      464      380
      466      378      466      378      466      380
      465      378      466      379      465     1199
      465      380      465      379      465      379
      464      380      465      380      464      380
      465      358      487     1200      465      378
      467      379      465      380      465      379
      468      377      465     1200      464     1199
      466     1199      465     1202      461     1176
      489     1175      490      379      465      356
      489      380      464     1199      466      380
      465      379      465      381      465      379
      465      380      465      380      464      384
      461      379      466     1174      489     1176
      489      380      465      378      466      380
      465      356      488      379      467      378
      464     1199      466      379      465      380
      466     1173      491     1199      465      381
      465      355      489      379      466      379
      466      379      465      380      465      379
      466      380      465      379      466     1177
      487      380      468      375      466      379
      466      356      489      379      466      379
      465      364      481      379      465      379
      465      379      466      378      474      371
      465      380      467      379      465      379
      466      355      489      379      466      379
      465      380      465      380      465      379
      466      356      488      380      465      378
      476      371      464      379      465      380
      464      380      465      380      465     1176
      488     1198      466      378      466     1176
      489     1199      465     1174      489      380
      463      358      489    15428-pulse